20301900001
高级语言程序设计2-C++
AZ00001
3.50
90.00
92.00
92.00
91.50
4.15

20301900001
C语言课程设计
AZ00002
1.00
90.00
95.00
95.00
93.75
4.38

20301900002
设计初步-1
AZ00003
2.00
75.00
70.00
72.00
72.05
2.21

20301900002
建筑美术
AZ00004
2.00
85.00
80.00
90.00
85.25
3.52

20301700001
高级语言程序设计3-Java
AZ00005
3.00
85.00
85.00
82.00
83.80
3.38

20301700001
C++课程设计
AZ00006
2.00
80.00
90.00
92.00
88.30
3.83

20301700002
园林建筑设计-1
AZ00007
1.50
85.00
90.00
90.00
88.75
3.88

20301700002
风景园林规划与设计-1
AZ00008
3.00
80.00
78.00
82.00
80.10
3.01

21301900003
中外园林史
AZ00009
2.00
85.00
87.00
91.00
88.10
3.81

21301900003
城乡规划实务
AZ00010
2.50
76.00
90.00
92.00
87.30
3.73

21301700003
景观表现技法
AZ00011
2.00
88.00
76.00
84.00
82.20
3.22

21301700003
城市规划原理
AZ00012
1.50
83.00
87.00
91.00
87.60
3.76

